  0 280 133
  1 288 149
  2 288 129
  3 270 133
  4 256 141
  5 256 157
  6 246 157
  7 236 169
  8 228 169
  9 228 161
 10 220 169
 11 212 169
 12 204 169
 13 196 169
 14 188 169
 15 196 161
 16 188 145
 17 172 145
 18 164 145
 19 156 145
 20 148 145
 21 140 145
 22 148 169
 23 164 169
 24 172 169
 25 156 169
 26 140 169
 27 132 169
 28 124 169
 29 116 161
 30 104 153
 31 104 161
 32 104 169
 33  90 165
 34  80 157
 35  64 157
 36  64 165
 37  56 169
 38  56 161
 39  56 153
 40  56 145
 41  56 137
 42  56 129
 43  56 121
 44  40 121
 45  40 129
 46  40 137
 47  40 145
 48  40 153
 49  40 161
 50  40 169
 51  32 169
 52  32 161
 53  32 153
 54  32 145
 55  32 137
 56  32 129
 57  32 121
 58  32 113
 59  40 113
 60  56 113
 61  56 105
 62  48  99
 63  40  99
 64  32  97
 65  32  89
 66  24  89
 67  16  97
 68  16 109
 69   8 109
 70   8  97
 71   8  89
 72   8  81
 73   8  73
 74   8  65
 75   8  57
 76  16  57
 77   8  49
 78   8  41
 79  24  45
 80  32  41
 81  32  49
 82  32  57
 83  32  65
 84  32  73
 85  32  81
 86  40  83
 87  40  73
 88  40  63
 89  40  51
 90  44  43
 91  44  35
 92  44  27
 93  32  25
 94  24  25
 95  16  25
 96  16  17
 97  24  17
 98  32  17
 99  44  11
100  56   9
101  56  17
102  56  25
103  56  33
104  56  41
105  64  41
106  72  41
107  72  49
108  56  49
109  48  51
110  56  57
111  56  65
112  48  63
113  48  73
114  56  73
115  56  81
116  48  83
117  56  89
118  56  97
119 104  97
120 104 105
121 104 113
122 104 121
123 104 129
124 104 137
125 104 145
126 116 145
127 124 145
128 132 145
129 132 137
130 140 137
131 148 137
132 156 137
133 164 137
134 172 125
135 172 117
136 172 109
137 172 101
138 172  93
139 172  85
140 180  85
141 180  77
142 180  69
143 180  61
144 180  53
145 172  53
146 172  61
147 172  69
148 172  77
149 164  81
150 148  85
151 124  85
152 124  93
153 124 109
154 124 125
155 124 117
156 124 101
157 104  89
158 104  81
159 104  73
160 104  65
161 104  49
162 104  41
163 104  33
164 104  25
165 104  17
166  92   9
167  80   9
168  72   9
169  64  21
170  72  25
171  80  25
172  80  25
173  80  41
174  88  49
175 104  57
176 124  69
177 124  77
178 132  81
179 140  65
180 132  61
181 124  61
182 124  53
183 124  45
184 124  37
185 124  29
186 132  21
187 124  21
188 120   9
189 128   9
190 136   9
191 148   9
192 162   9
193 156  25
194 172  21
195 180  21
196 180  29
197 172  29
198 172  37
199 172  45
200 180  45
201 180  37
202 188  41
203 196  49
204 204  57
205 212  65
206 220  73
207 228  69
208 228  77
209 236  77
210 236  69
211 236  61
212 228  61
213 228  53
214 236  53
215 236  45
216 228  45
217 228  37
218 236  37
219 236  29
220 228  29
221 228  21
222 236  21
223 252  21
224 260  29
225 260  37
226 260  45
227 260  53
228 260  61
229 260  69
230 260  77
231 276  77
232 276  69
233 276  61
234 276  53
235 284  53
236 284  61
237 284  69
238 284  77
239 284  85
240 284  93
241 284 101
242 288 109
243 280 109
244 276 101
245 276  93
246 276  85
247 268  97
248 260 109
249 252 101
250 260  93
251 260  85
252 236  85
253 228  85
254 228  93
255 236  93
256 236 101
257 228 101
258 228 109
259 228 117
260 228 125
261 220 125
262 212 117
263 204 109
264 196 101
265 188  93
266 180  93
267 180 101
268 180 109
269 180 117
270 180 125
271 196 145
272 204 145
273 212 145
274 220 145
275 228 145
276 236 145
277 246 141
278 252 125
279 260 129
280 14057 14546
281 12786 3259
282 16326 16601
283 14027 11632
284 16060 17235
285 10483 2551
286 8284 3654
287 7120 2294
288 5717 4137
289 2798 5714
290 7335 4711
291 15507 17612
292 12778 13486
293 13349 20439
294 12896 11100
295 15636 17748
296 15417 16331
297 2722 8193
298 4273 6638
299 14319 17771
300 5130 6000
301 12829 9797
302 11670 4675
303 10977 16574
304 14084 11243
305 13349 11324
306 13844 2566
307 10873 3049
308 16048 17012
309 16216 17016
310 1956 8107
311 5190 6396
312 939 8372
313 7293 1638
314 2762 8539
315 14251 18396
316 16378 16794
317 8699 1226
318 16232 20113
319 3276 8183
320 15425 19901
321 16334 16949
322 8070 19984
323 6363 8406
324 4382 7374
325 9662 2013
326 12056 6398
327 8626 17922
328 13119 1820
329 9259 4101
330 11363 13742
331 585 7971
332 676 8450
333 15512 10805
334 13447 12253
335 10855 10461
336 5982 3598
337 9132 12015
338 9953 6268
339 8510 19675
340 11856 6356
341 6075 10618
342 6627 7014
343 13330 2671
344 10796 14613
345 7945 3639
346 7724 930
347 10776 1698
348 8394 10230
349 10049 14330
350 6931 18672
351 3007 9579
352 3602 16094
353 10043 11507
354 10170 17088
355 5675 5732
356 5102 10676
357 9930 10470
358 14294 1258
359 15879 17781
360 11619 15508
361 11972 12743
362 3316 9783
363 13788 19125
364 15133 20386
365 4126 16160
366 14274 10052
367 14188 13684
368 15898 13203
369 10975 13013
370 4001 5671
371 4946 13056
372 9406 5897
373 2393 9179
374 14780 10260
375 11024 1056
376 13771 9787
377 6605 10651
378 1862 9549
379 12153 2309
380 6956 15287
381 4071 18265
382 10553 16648
383 7505 18877
384 10218 1503
385 9979 10963
386 9303 1877
387 11232 11357
388 7745 18737
389 6139 18945
390 7739 19577
391 4255 7941
392 9669 13077
393 4027 3567
394 2268 9130
395 9505 5414
396 1817 9581
397 15114 18714
398 11090 17178
399 1605 8146
400 16460 15968
401 12159 13558
402 8203 12444
403 15143 13525
404 10948 3501
405 2368 9433
406 8187 980
407 3532 7847
408 3357 8133
409 7437 13980
410 6911 21137
411 6538 22365
412 4270 7643
413 7950 20575
414 6507 19399
415 14443 5504
416 12076 16549
417 8091 22649
418 12823 9482
419 4409 12565
420 14033 5946
421 14439 11406
422 13676 11186
423 16191 11751
424 17777 12209
425 14490 10038
426 10851 10063
427 12395 10020
428 3942 9905
429 10108 10746
430 11143 13436
431 8143 8048
432 14121 3639
433 6312 12463
434 8026 20807
435 14420 5712
436 14000 11519
437 10789 12407
438 9143 18688
439 3678 9397
440 14386 13037
441 12686 8369
442 656 8602
443 2674 7644
444 3078 10286
445 9213 10406
446 9912 3976
447 8273 12149
448 13681 5029
449 6513 8064
450 9550 11465
451 13195 2481
452 13168 1157
453 3260 6971
454 3578 13799
455 8872 21126
456 7694 22022
457 8646 10000
458 11076 13658
459 11862 2375
460 6315 16812
461 8191 18443
462 6946 4927
463 9391 11104
464 10081 14176
465 6434 4740
466 4136 7901
467 7573 6284
468 8627 3494
469 3802 10394
470 10002 14199
471 4067 11720
472 3935 9103
473 12078 3871
474 11919 3429
475 7640 2287
476 17250 14490
477 13379 4658
478 3890 10377
479 11322 14170
480 3676 1739
481 4562 4866
482 11887 3591
483 8344 6683
484 9107 9189
485 13823 12921
486 2205 8851
487 12743 11863
488 13644 10044
489 3703 8759
490 3337 7695
491 7327 4782
492 14650 4436
493 14079 10359
494 11559 7157
495 13061 9802
496 14434 12037
497 11369 11575
498 14055 11048
499 6764 15136
500 12992 4620
501 10730 7783
502 3144 1249
503 10104 3000
504 5796 14128
505 5861 21878
506 14423 10782
507 6883 15646
508 9510 4998
509 7855 20941
510 10063 12600
511 7501 1680
512 12682 11638
513 4242 9368
514 11279 17522
515 12026 10366
516 8827 19167
517 8240 8648
518 7374 8677
519 9087 5715
520 9913 6845
521 3486 19079
522 7478 22974
523 10404 14673
524 13483 13213
525 7698 20418
526 1350 7985
527 861 9277
528 14908 4198
529 6115 23480
530 6746 20462
531 5916 18640
532 11997 1743
533 1167 7154
534 9851 3099
535 5173 9999
536 12471 1818
537 15067 21957
538 11732 13709
539 13106 12360
540 2291 9326
541 11302 3958
542 12103 13554
543 11864 16615
544 8777 2279
545 6139 8021
546 13034 2106
547 13072 18104
548 11505 20355
549 13023 5102
550 3695 8378
551 3556 10467
552 10226 9440
553 8869 3803
554 10940 11899
555 7056 4793
556 12485 4800
557 12483 1414
558 12315 8222
559 3091 1045